000000
000000
000000
000000
000000
000000
000000
000000
000000
000000
000001
000010
000011
000100
000101
000110
000111
001000
000000
000010
000100
000110
001000
001010
001100
001110
010000
000000
000011
000110
001001
001100
001111
010010
010101
011000
000000
000100
001000
001100
010000
010100
011000
011100
100000
000000
000101
001010
001111
010100
011001
011110
100011
101000
000000
000110
001100
010010
011000
011110
100100
101010
110000
000000
000111
001110
010101
011100
100011
101010
110001
111000
000000
001000
010000
011000
100000
101000
110000
111000
1000000
