0000000000000000
0000000000000000
0000000000000000
0000000000000000
0000000000000000
0000000000000000
0000000000000000
0000000000000000
0000000000000000
0000000000000000
0000000000000000
0000000000000000
0000000000000000
0000000000000000
0000000000000000
0000000000000000
0000000000000000
0000000000000000
0000000000000000
0000000000000000
0000000000000000
0000000000000000
0000000000000000
0000000000000000
0000000000000000
0000000000000000
0000000000000000
0000000000000000
0000000000000000
0000000000000000
0000000000000000
0000000000000000
0000000000000000
0000000000000000
0000000000000000
0000000000000000
0000000000000000
0000000000000000
0000000000000000
0000000000000000
0000000000000000
0000000000000000
0000000000000000
0000000000000000
0000000000000000
0000000000000000
0000000000000000
0000000000000000
0000000000000000
0000000000000000
0000000000000000
0000000000000000
0000000000000000
0000000000000000
0000000000000000
0000000000000000
0000000000000000
0000000000000000
0000000000000000
0000000000000000
0000000000000000
0000000000000000
0000000000000000
0000000000000000
0000000000000000
0000000000000001
0000000000000010
0000000000000011
0000000000000100
0000000000000101
0000000000000110
0000000000000111
0000000000001000
0000000000001001
0000000000001010
0000000000001011
0000000000001100
0000000000001101
0000000000001110
0000000000001111
0000000000010000
0000000000010001
0000000000010010
0000000000010011
0000000000010100
0000000000010101
0000000000010110
0000000000010111
0000000000011000
0000000000011001
0000000000011010
0000000000011011
0000000000011100
0000000000011101
0000000000011110
0000000000011111
0000000000100000
0000000000100001
0000000000100010
0000000000100011
0000000000100100
0000000000100101
0000000000100110
0000000000100111
0000000000101000
0000000000101001
0000000000101010
0000000000101011
0000000000101100
0000000000101101
0000000000101110
0000000000101111
0000000000110000
0000000000110001
0000000000110010
0000000000110011
0000000000110100
0000000000110101
0000000000110110
0000000000110111
0000000000111000
0000000000111001
0000000000111010
0000000000111011
0000000000111100
0000000000111101
0000000000111110
0000000000111111
0000000000000000
0000000000000010
0000000000000100
0000000000000110
0000000000001000
0000000000001010
0000000000001100
0000000000001110
0000000000010000
0000000000010010
0000000000010100
0000000000010110
0000000000011000
0000000000011010
0000000000011100
0000000000011110
0000000000100000
0000000000100010
0000000000100100
0000000000100110
0000000000101000
0000000000101010
0000000000101100
0000000000101110
0000000000110000
0000000000110010
0000000000110100
0000000000110110
0000000000111000
0000000000111010
0000000000111100
0000000000111110
0000000001000000
0000000001000010
0000000001000100
0000000001000110
0000000001001000
0000000001001010
0000000001001100
0000000001001110
0000000001010000
0000000001010010
0000000001010100
0000000001010110
0000000001011000
0000000001011010
0000000001011100
0000000001011110
0000000001100000
0000000001100010
0000000001100100
0000000001100110
0000000001101000
0000000001101010
0000000001101100
0000000001101110
0000000001110000
0000000001110010
0000000001110100
0000000001110110
0000000001111000
0000000001111010
0000000001111100
0000000001111110
0000000000000000
0000000000000011
0000000000000110
0000000000001001
0000000000001100
0000000000001111
0000000000010010
0000000000010101
0000000000011000
0000000000011011
0000000000011110
0000000000100001
0000000000100100
0000000000100111
0000000000101010
0000000000101101
0000000000110000
0000000000110011
0000000000110110
0000000000111001
0000000000111100
0000000000111111
0000000001000010
0000000001000101
0000000001001000
0000000001001011
0000000001001110
0000000001010001
0000000001010100
0000000001010111
0000000001011010
0000000001011101
0000000001100000
0000000001100011
0000000001100110
0000000001101001
0000000001101100
0000000001101111
0000000001110010
0000000001110101
0000000001111000
0000000001111011
0000000001111110
0000000010000001
0000000010000100
0000000010000111
0000000010001010
0000000010001101
0000000010010000
0000000010010011
0000000010010110
0000000010011001
0000000010011100
0000000010011111
0000000010100010
0000000010100101
0000000010101000
0000000010101011
0000000010101110
0000000010110001
0000000010110100
0000000010110111
0000000010111010
0000000010111101
0000000000000000
0000000000000100
0000000000001000
0000000000001100
0000000000010000
0000000000010100
0000000000011000
0000000000011100
0000000000100000
0000000000100100
0000000000101000
0000000000101100
0000000000110000
0000000000110100
0000000000111000
0000000000111100
0000000001000000
0000000001000100
0000000001001000
0000000001001100
0000000001010000
0000000001010100
0000000001011000
0000000001011100
0000000001100000
0000000001100100
0000000001101000
0000000001101100
0000000001110000
0000000001110100
0000000001111000
0000000001111100
0000000010000000
0000000010000100
0000000010001000
0000000010001100
0000000010010000
0000000010010100
0000000010011000
0000000010011100
0000000010100000
0000000010100100
0000000010101000
0000000010101100
0000000010110000
0000000010110100
0000000010111000
0000000010111100
0000000011000000
0000000011000100
0000000011001000
0000000011001100
0000000011010000
0000000011010100
0000000011011000
0000000011011100
0000000011100000
0000000011100100
0000000011101000
0000000011101100
0000000011110000
0000000011110100
0000000011111000
0000000011111100
0000000000000000
0000000000000101
0000000000001010
0000000000001111
0000000000010100
0000000000011001
0000000000011110
0000000000100011
0000000000101000
0000000000101101
0000000000110010
0000000000110111
0000000000111100
0000000001000001
0000000001000110
0000000001001011
0000000001010000
0000000001010101
0000000001011010
0000000001011111
0000000001100100
0000000001101001
0000000001101110
0000000001110011
0000000001111000
0000000001111101
0000000010000010
0000000010000111
0000000010001100
0000000010010001
0000000010010110
0000000010011011
0000000010100000
0000000010100101
0000000010101010
0000000010101111
0000000010110100
0000000010111001
0000000010111110
0000000011000011
0000000011001000
0000000011001101
0000000011010010
0000000011010111
0000000011011100
0000000011100001
0000000011100110
0000000011101011
0000000011110000
0000000011110101
0000000011111010
0000000011111111
0000000100000100
0000000100001001
0000000100001110
0000000100010011
0000000100011000
0000000100011101
0000000100100010
0000000100100111
0000000100101100
0000000100110001
0000000100110110
0000000100111011
0000000000000000
0000000000000110
0000000000001100
0000000000010010
0000000000011000
0000000000011110
0000000000100100
0000000000101010
0000000000110000
0000000000110110
0000000000111100
0000000001000010
0000000001001000
0000000001001110
0000000001010100
0000000001011010
0000000001100000
0000000001100110
0000000001101100
0000000001110010
0000000001111000
0000000001111110
0000000010000100
0000000010001010
0000000010010000
0000000010010110
0000000010011100
0000000010100010
0000000010101000
0000000010101110
0000000010110100
0000000010111010
0000000011000000
0000000011000110
0000000011001100
0000000011010010
0000000011011000
0000000011011110
0000000011100100
0000000011101010
0000000011110000
0000000011110110
0000000011111100
0000000100000010
0000000100001000
0000000100001110
0000000100010100
0000000100011010
0000000100100000
0000000100100110
0000000100101100
0000000100110010
0000000100111000
0000000100111110
0000000101000100
0000000101001010
0000000101010000
0000000101010110
0000000101011100
0000000101100010
0000000101101000
0000000101101110
0000000101110100
0000000101111010
0000000000000000
0000000000000111
0000000000001110
0000000000010101
0000000000011100
0000000000100011
0000000000101010
0000000000110001
0000000000111000
0000000000111111
0000000001000110
0000000001001101
0000000001010100
0000000001011011
0000000001100010
0000000001101001
0000000001110000
0000000001110111
0000000001111110
0000000010000101
0000000010001100
0000000010010011
0000000010011010
0000000010100001
0000000010101000
0000000010101111
0000000010110110
0000000010111101
0000000011000100
0000000011001011
0000000011010010
0000000011011001
0000000011100000
0000000011100111
0000000011101110
0000000011110101
0000000011111100
0000000100000011
0000000100001010
0000000100010001
0000000100011000
0000000100011111
0000000100100110
0000000100101101
0000000100110100
0000000100111011
0000000101000010
0000000101001001
0000000101010000
0000000101010111
0000000101011110
0000000101100101
0000000101101100
0000000101110011
0000000101111010
0000000110000001
0000000110001000
0000000110001111
0000000110010110
0000000110011101
0000000110100100
0000000110101011
0000000110110010
0000000110111001
0000000000000000
0000000000001000
0000000000010000
0000000000011000
0000000000100000
0000000000101000
0000000000110000
0000000000111000
0000000001000000
0000000001001000
0000000001010000
0000000001011000
0000000001100000
0000000001101000
0000000001110000
0000000001111000
0000000010000000
0000000010001000
0000000010010000
0000000010011000
0000000010100000
0000000010101000
0000000010110000
0000000010111000
0000000011000000
0000000011001000
0000000011010000
0000000011011000
0000000011100000
0000000011101000
0000000011110000
0000000011111000
0000000100000000
0000000100001000
0000000100010000
0000000100011000
0000000100100000
0000000100101000
0000000100110000
0000000100111000
0000000101000000
0000000101001000
0000000101010000
0000000101011000
0000000101100000
0000000101101000
0000000101110000
0000000101111000
0000000110000000
0000000110001000
0000000110010000
0000000110011000
0000000110100000
0000000110101000
0000000110110000
0000000110111000
0000000111000000
0000000111001000
0000000111010000
0000000111011000
0000000111100000
0000000111101000
0000000111110000
0000000111111000
0000000000000000
0000000000001001
0000000000010010
0000000000011011
0000000000100100
0000000000101101
0000000000110110
0000000000111111
0000000001001000
0000000001010001
0000000001011010
0000000001100011
0000000001101100
0000000001110101
0000000001111110
0000000010000111
0000000010010000
0000000010011001
0000000010100010
0000000010101011
0000000010110100
0000000010111101
0000000011000110
0000000011001111
0000000011011000
0000000011100001
0000000011101010
0000000011110011
0000000011111100
0000000100000101
0000000100001110
0000000100010111
0000000100100000
0000000100101001
0000000100110010
0000000100111011
0000000101000100
0000000101001101
0000000101010110
0000000101011111
0000000101101000
0000000101110001
0000000101111010
0000000110000011
0000000110001100
0000000110010101
0000000110011110
0000000110100111
0000000110110000
0000000110111001
0000000111000010
0000000111001011
0000000111010100
0000000111011101
0000000111100110
0000000111101111
0000000111111000
0000001000000001
0000001000001010
0000001000010011
0000001000011100
0000001000100101
0000001000101110
0000001000110111
0000000000000000
0000000000001010
0000000000010100
0000000000011110
0000000000101000
0000000000110010
0000000000111100
0000000001000110
0000000001010000
0000000001011010
0000000001100100
0000000001101110
0000000001111000
0000000010000010
0000000010001100
0000000010010110
0000000010100000
0000000010101010
0000000010110100
0000000010111110
0000000011001000
0000000011010010
0000000011011100
0000000011100110
0000000011110000
0000000011111010
0000000100000100
0000000100001110
0000000100011000
0000000100100010
0000000100101100
0000000100110110
0000000101000000
0000000101001010
0000000101010100
0000000101011110
0000000101101000
0000000101110010
0000000101111100
0000000110000110
0000000110010000
0000000110011010
0000000110100100
0000000110101110
0000000110111000
0000000111000010
0000000111001100
0000000111010110
0000000111100000
0000000111101010
0000000111110100
0000000111111110
0000001000001000
0000001000010010
0000001000011100
0000001000100110
0000001000110000
0000001000111010
0000001001000100
0000001001001110
0000001001011000
0000001001100010
0000001001101100
0000001001110110
0000000000000000
0000000000001011
0000000000010110
0000000000100001
0000000000101100
0000000000110111
0000000001000010
0000000001001101
0000000001011000
0000000001100011
0000000001101110
0000000001111001
0000000010000100
0000000010001111
0000000010011010
0000000010100101
0000000010110000
0000000010111011
0000000011000110
0000000011010001
0000000011011100
0000000011100111
0000000011110010
0000000011111101
0000000100001000
0000000100010011
0000000100011110
0000000100101001
0000000100110100
0000000100111111
0000000101001010
0000000101010101
0000000101100000
0000000101101011
0000000101110110
0000000110000001
0000000110001100
0000000110010111
0000000110100010
0000000110101101
0000000110111000
0000000111000011
0000000111001110
0000000111011001
0000000111100100
0000000111101111
0000000111111010
0000001000000101
0000001000010000
0000001000011011
0000001000100110
0000001000110001
0000001000111100
0000001001000111
0000001001010010
0000001001011101
0000001001101000
0000001001110011
0000001001111110
0000001010001001
0000001010010100
0000001010011111
0000001010101010
0000001010110101
0000000000000000
0000000000001100
0000000000011000
0000000000100100
0000000000110000
0000000000111100
0000000001001000
0000000001010100
0000000001100000
0000000001101100
0000000001111000
0000000010000100
0000000010010000
0000000010011100
0000000010101000
0000000010110100
0000000011000000
0000000011001100
0000000011011000
0000000011100100
0000000011110000
0000000011111100
0000000100001000
0000000100010100
0000000100100000
0000000100101100
0000000100111000
0000000101000100
0000000101010000
0000000101011100
0000000101101000
0000000101110100
0000000110000000
0000000110001100
0000000110011000
0000000110100100
0000000110110000
0000000110111100
0000000111001000
0000000111010100
0000000111100000
0000000111101100
0000000111111000
0000001000000100
0000001000010000
0000001000011100
0000001000101000
0000001000110100
0000001001000000
0000001001001100
0000001001011000
0000001001100100
0000001001110000
0000001001111100
0000001010001000
0000001010010100
0000001010100000
0000001010101100
0000001010111000
0000001011000100
0000001011010000
0000001011011100
0000001011101000
0000001011110100
0000000000000000
0000000000001101
0000000000011010
0000000000100111
0000000000110100
0000000001000001
0000000001001110
0000000001011011
0000000001101000
0000000001110101
0000000010000010
0000000010001111
0000000010011100
0000000010101001
0000000010110110
0000000011000011
0000000011010000
0000000011011101
0000000011101010
0000000011110111
0000000100000100
0000000100010001
0000000100011110
0000000100101011
0000000100111000
0000000101000101
0000000101010010
0000000101011111
0000000101101100
0000000101111001
0000000110000110
0000000110010011
0000000110100000
0000000110101101
0000000110111010
0000000111000111
0000000111010100
0000000111100001
0000000111101110
0000000111111011
0000001000001000
0000001000010101
0000001000100010
0000001000101111
0000001000111100
0000001001001001
0000001001010110
0000001001100011
0000001001110000
0000001001111101
0000001010001010
0000001010010111
0000001010100100
0000001010110001
0000001010111110
0000001011001011
0000001011011000
0000001011100101
0000001011110010
0000001011111111
0000001100001100
0000001100011001
0000001100100110
0000001100110011
0000000000000000
0000000000001110
0000000000011100
0000000000101010
0000000000111000
0000000001000110
0000000001010100
0000000001100010
0000000001110000
0000000001111110
0000000010001100
0000000010011010
0000000010101000
0000000010110110
0000000011000100
0000000011010010
0000000011100000
0000000011101110
0000000011111100
0000000100001010
0000000100011000
0000000100100110
0000000100110100
0000000101000010
0000000101010000
0000000101011110
0000000101101100
0000000101111010
0000000110001000
0000000110010110
0000000110100100
0000000110110010
0000000111000000
0000000111001110
0000000111011100
0000000111101010
0000000111111000
0000001000000110
0000001000010100
0000001000100010
0000001000110000
0000001000111110
0000001001001100
0000001001011010
0000001001101000
0000001001110110
0000001010000100
0000001010010010
0000001010100000
0000001010101110
0000001010111100
0000001011001010
0000001011011000
0000001011100110
0000001011110100
0000001100000010
0000001100010000
0000001100011110
0000001100101100
0000001100111010
0000001101001000
0000001101010110
0000001101100100
0000001101110010
0000000000000000
0000000000001111
0000000000011110
0000000000101101
0000000000111100
0000000001001011
0000000001011010
0000000001101001
0000000001111000
0000000010000111
0000000010010110
0000000010100101
0000000010110100
0000000011000011
0000000011010010
0000000011100001
0000000011110000
0000000011111111
0000000100001110
0000000100011101
0000000100101100
0000000100111011
0000000101001010
0000000101011001
0000000101101000
0000000101110111
0000000110000110
0000000110010101
0000000110100100
0000000110110011
0000000111000010
0000000111010001
0000000111100000
0000000111101111
0000000111111110
0000001000001101
0000001000011100
0000001000101011
0000001000111010
0000001001001001
0000001001011000
0000001001100111
0000001001110110
0000001010000101
0000001010010100
0000001010100011
0000001010110010
0000001011000001
0000001011010000
0000001011011111
0000001011101110
0000001011111101
0000001100001100
0000001100011011
0000001100101010
0000001100111001
0000001101001000
0000001101010111
0000001101100110
0000001101110101
0000001110000100
0000001110010011
0000001110100010
0000001110110001
0000000000000000
0000000000010000
0000000000100000
0000000000110000
0000000001000000
0000000001010000
0000000001100000
0000000001110000
0000000010000000
0000000010010000
0000000010100000
0000000010110000
0000000011000000
0000000011010000
0000000011100000
0000000011110000
0000000100000000
0000000100010000
0000000100100000
0000000100110000
0000000101000000
0000000101010000
0000000101100000
0000000101110000
0000000110000000
0000000110010000
0000000110100000
0000000110110000
0000000111000000
0000000111010000
0000000111100000
0000000111110000
0000001000000000
0000001000010000
0000001000100000
0000001000110000
0000001001000000
0000001001010000
0000001001100000
0000001001110000
0000001010000000
0000001010010000
0000001010100000
0000001010110000
0000001011000000
0000001011010000
0000001011100000
0000001011110000
0000001100000000
0000001100010000
0000001100100000
0000001100110000
0000001101000000
0000001101010000
0000001101100000
0000001101110000
0000001110000000
0000001110010000
0000001110100000
0000001110110000
0000001111000000
0000001111010000
0000001111100000
0000001111110000
0000000000000000
0000000000010001
0000000000100010
0000000000110011
0000000001000100
0000000001010101
0000000001100110
0000000001110111
0000000010001000
0000000010011001
0000000010101010
0000000010111011
0000000011001100
0000000011011101
0000000011101110
0000000011111111
0000000100010000
0000000100100001
0000000100110010
0000000101000011
0000000101010100
0000000101100101
0000000101110110
0000000110000111
0000000110011000
0000000110101001
0000000110111010
0000000111001011
0000000111011100
0000000111101101
0000000111111110
0000001000001111
0000001000100000
0000001000110001
0000001001000010
0000001001010011
0000001001100100
0000001001110101
0000001010000110
0000001010010111
0000001010101000
0000001010111001
0000001011001010
0000001011011011
0000001011101100
0000001011111101
0000001100001110
0000001100011111
0000001100110000
0000001101000001
0000001101010010
0000001101100011
0000001101110100
0000001110000101
0000001110010110
0000001110100111
0000001110111000
0000001111001001
0000001111011010
0000001111101011
0000001111111100
0000010000001101
0000010000011110
0000010000101111
0000000000000000
0000000000010010
0000000000100100
0000000000110110
0000000001001000
0000000001011010
0000000001101100
0000000001111110
0000000010010000
0000000010100010
0000000010110100
0000000011000110
0000000011011000
0000000011101010
0000000011111100
0000000100001110
0000000100100000
0000000100110010
0000000101000100
0000000101010110
0000000101101000
0000000101111010
0000000110001100
0000000110011110
0000000110110000
0000000111000010
0000000111010100
0000000111100110
0000000111111000
0000001000001010
0000001000011100
0000001000101110
0000001001000000
0000001001010010
0000001001100100
0000001001110110
0000001010001000
0000001010011010
0000001010101100
0000001010111110
0000001011010000
0000001011100010
0000001011110100
0000001100000110
0000001100011000
0000001100101010
0000001100111100
0000001101001110
0000001101100000
0000001101110010
0000001110000100
0000001110010110
0000001110101000
0000001110111010
0000001111001100
0000001111011110
0000001111110000
0000010000000010
0000010000010100
0000010000100110
0000010000111000
0000010001001010
0000010001011100
0000010001101110
0000000000000000
0000000000010011
0000000000100110
0000000000111001
0000000001001100
0000000001011111
0000000001110010
0000000010000101
0000000010011000
0000000010101011
0000000010111110
0000000011010001
0000000011100100
0000000011110111
0000000100001010
0000000100011101
0000000100110000
0000000101000011
0000000101010110
0000000101101001
0000000101111100
0000000110001111
0000000110100010
0000000110110101
0000000111001000
0000000111011011
0000000111101110
0000001000000001
0000001000010100
0000001000100111
0000001000111010
0000001001001101
0000001001100000
0000001001110011
0000001010000110
0000001010011001
0000001010101100
0000001010111111
0000001011010010
0000001011100101
0000001011111000
0000001100001011
0000001100011110
0000001100110001
0000001101000100
0000001101010111
0000001101101010
0000001101111101
0000001110010000
0000001110100011
0000001110110110
0000001111001001
0000001111011100
0000001111101111
0000010000000010
0000010000010101
0000010000101000
0000010000111011
0000010001001110
0000010001100001
0000010001110100
0000010010000111
0000010010011010
0000010010101101
0000000000000000
0000000000010100
0000000000101000
0000000000111100
0000000001010000
0000000001100100
0000000001111000
0000000010001100
0000000010100000
0000000010110100
0000000011001000
0000000011011100
0000000011110000
0000000100000100
0000000100011000
0000000100101100
0000000101000000
0000000101010100
0000000101101000
0000000101111100
0000000110010000
0000000110100100
0000000110111000
0000000111001100
0000000111100000
0000000111110100
0000001000001000
0000001000011100
0000001000110000
0000001001000100
0000001001011000
0000001001101100
0000001010000000
0000001010010100
0000001010101000
0000001010111100
0000001011010000
0000001011100100
0000001011111000
0000001100001100
0000001100100000
0000001100110100
0000001101001000
0000001101011100
0000001101110000
0000001110000100
0000001110011000
0000001110101100
0000001111000000
0000001111010100
0000001111101000
0000001111111100
0000010000010000
0000010000100100
0000010000111000
0000010001001100
0000010001100000
0000010001110100
0000010010001000
0000010010011100
0000010010110000
0000010011000100
0000010011011000
0000010011101100
0000000000000000
0000000000010101
0000000000101010
0000000000111111
0000000001010100
0000000001101001
0000000001111110
0000000010010011
0000000010101000
0000000010111101
0000000011010010
0000000011100111
0000000011111100
0000000100010001
0000000100100110
0000000100111011
0000000101010000
0000000101100101
0000000101111010
0000000110001111
0000000110100100
0000000110111001
0000000111001110
0000000111100011
0000000111111000
0000001000001101
0000001000100010
0000001000110111
0000001001001100
0000001001100001
0000001001110110
0000001010001011
0000001010100000
0000001010110101
0000001011001010
0000001011011111
0000001011110100
0000001100001001
0000001100011110
0000001100110011
0000001101001000
0000001101011101
0000001101110010
0000001110000111
0000001110011100
0000001110110001
0000001111000110
0000001111011011
0000001111110000
0000010000000101
0000010000011010
0000010000101111
0000010001000100
0000010001011001
0000010001101110
0000010010000011
0000010010011000
0000010010101101
0000010011000010
0000010011010111
0000010011101100
0000010100000001
0000010100010110
0000010100101011
0000000000000000
0000000000010110
0000000000101100
0000000001000010
0000000001011000
0000000001101110
0000000010000100
0000000010011010
0000000010110000
0000000011000110
0000000011011100
0000000011110010
0000000100001000
0000000100011110
0000000100110100
0000000101001010
0000000101100000
0000000101110110
0000000110001100
0000000110100010
0000000110111000
0000000111001110
0000000111100100
0000000111111010
0000001000010000
0000001000100110
0000001000111100
0000001001010010
0000001001101000
0000001001111110
0000001010010100
0000001010101010
0000001011000000
0000001011010110
0000001011101100
0000001100000010
0000001100011000
0000001100101110
0000001101000100
0000001101011010
0000001101110000
0000001110000110
0000001110011100
0000001110110010
0000001111001000
0000001111011110
0000001111110100
0000010000001010
0000010000100000
0000010000110110
0000010001001100
0000010001100010
0000010001111000
0000010010001110
0000010010100100
0000010010111010
0000010011010000
0000010011100110
0000010011111100
0000010100010010
0000010100101000
0000010100111110
0000010101010100
0000010101101010
0000000000000000
0000000000010111
0000000000101110
0000000001000101
0000000001011100
0000000001110011
0000000010001010
0000000010100001
0000000010111000
0000000011001111
0000000011100110
0000000011111101
0000000100010100
0000000100101011
0000000101000010
0000000101011001
0000000101110000
0000000110000111
0000000110011110
0000000110110101
0000000111001100
0000000111100011
0000000111111010
0000001000010001
0000001000101000
0000001000111111
0000001001010110
0000001001101101
0000001010000100
0000001010011011
0000001010110010
0000001011001001
0000001011100000
0000001011110111
0000001100001110
0000001100100101
0000001100111100
0000001101010011
0000001101101010
0000001110000001
0000001110011000
0000001110101111
0000001111000110
0000001111011101
0000001111110100
0000010000001011
0000010000100010
0000010000111001
0000010001010000
0000010001100111
0000010001111110
0000010010010101
0000010010101100
0000010011000011
0000010011011010
0000010011110001
0000010100001000
0000010100011111
0000010100110110
0000010101001101
0000010101100100
0000010101111011
0000010110010010
0000010110101001
0000000000000000
0000000000011000
0000000000110000
0000000001001000
0000000001100000
0000000001111000
0000000010010000
0000000010101000
0000000011000000
0000000011011000
0000000011110000
0000000100001000
0000000100100000
0000000100111000
0000000101010000
0000000101101000
0000000110000000
0000000110011000
0000000110110000
0000000111001000
0000000111100000
0000000111111000
0000001000010000
0000001000101000
0000001001000000
0000001001011000
0000001001110000
0000001010001000
0000001010100000
0000001010111000
0000001011010000
0000001011101000
0000001100000000
0000001100011000
0000001100110000
0000001101001000
0000001101100000
0000001101111000
0000001110010000
0000001110101000
0000001111000000
0000001111011000
0000001111110000
0000010000001000
0000010000100000
0000010000111000
0000010001010000
0000010001101000
0000010010000000
0000010010011000
0000010010110000
0000010011001000
0000010011100000
0000010011111000
0000010100010000
0000010100101000
0000010101000000
0000010101011000
0000010101110000
0000010110001000
0000010110100000
0000010110111000
0000010111010000
0000010111101000
0000000000000000
0000000000011001
0000000000110010
0000000001001011
0000000001100100
0000000001111101
0000000010010110
0000000010101111
0000000011001000
0000000011100001
0000000011111010
0000000100010011
0000000100101100
0000000101000101
0000000101011110
0000000101110111
0000000110010000
0000000110101001
0000000111000010
0000000111011011
0000000111110100
0000001000001101
0000001000100110
0000001000111111
0000001001011000
0000001001110001
0000001010001010
0000001010100011
0000001010111100
0000001011010101
0000001011101110
0000001100000111
0000001100100000
0000001100111001
0000001101010010
0000001101101011
0000001110000100
0000001110011101
0000001110110110
0000001111001111
0000001111101000
0000010000000001
0000010000011010
0000010000110011
0000010001001100
0000010001100101
0000010001111110
0000010010010111
0000010010110000
0000010011001001
0000010011100010
0000010011111011
0000010100010100
0000010100101101
0000010101000110
0000010101011111
0000010101111000
0000010110010001
0000010110101010
0000010111000011
0000010111011100
0000010111110101
0000011000001110
0000011000100111
0000000000000000
0000000000011010
0000000000110100
0000000001001110
0000000001101000
0000000010000010
0000000010011100
0000000010110110
0000000011010000
0000000011101010
0000000100000100
0000000100011110
0000000100111000
0000000101010010
0000000101101100
0000000110000110
0000000110100000
0000000110111010
0000000111010100
0000000111101110
0000001000001000
0000001000100010
0000001000111100
0000001001010110
0000001001110000
0000001010001010
0000001010100100
0000001010111110
0000001011011000
0000001011110010
0000001100001100
0000001100100110
0000001101000000
0000001101011010
0000001101110100
0000001110001110
0000001110101000
0000001111000010
0000001111011100
0000001111110110
0000010000010000
0000010000101010
0000010001000100
0000010001011110
0000010001111000
0000010010010010
0000010010101100
0000010011000110
0000010011100000
0000010011111010
0000010100010100
0000010100101110
0000010101001000
0000010101100010
0000010101111100
0000010110010110
0000010110110000
0000010111001010
0000010111100100
0000010111111110
0000011000011000
0000011000110010
0000011001001100
0000011001100110
0000000000000000
0000000000011011
0000000000110110
0000000001010001
0000000001101100
0000000010000111
0000000010100010
0000000010111101
0000000011011000
0000000011110011
0000000100001110
0000000100101001
0000000101000100
0000000101011111
0000000101111010
0000000110010101
0000000110110000
0000000111001011
0000000111100110
0000001000000001
0000001000011100
0000001000110111
0000001001010010
0000001001101101
0000001010001000
0000001010100011
0000001010111110
0000001011011001
0000001011110100
0000001100001111
0000001100101010
0000001101000101
0000001101100000
0000001101111011
0000001110010110
0000001110110001
0000001111001100
0000001111100111
0000010000000010
0000010000011101
0000010000111000
0000010001010011
0000010001101110
0000010010001001
0000010010100100
0000010010111111
0000010011011010
0000010011110101
0000010100010000
0000010100101011
0000010101000110
0000010101100001
0000010101111100
0000010110010111
0000010110110010
0000010111001101
0000010111101000
0000011000000011
0000011000011110
0000011000111001
0000011001010100
0000011001101111
0000011010001010
0000011010100101
0000000000000000
0000000000011100
0000000000111000
0000000001010100
0000000001110000
0000000010001100
0000000010101000
0000000011000100
0000000011100000
0000000011111100
0000000100011000
0000000100110100
0000000101010000
0000000101101100
0000000110001000
0000000110100100
0000000111000000
0000000111011100
0000000111111000
0000001000010100
0000001000110000
0000001001001100
0000001001101000
0000001010000100
0000001010100000
0000001010111100
0000001011011000
0000001011110100
0000001100010000
0000001100101100
0000001101001000
0000001101100100
0000001110000000
0000001110011100
0000001110111000
0000001111010100
0000001111110000
0000010000001100
0000010000101000
0000010001000100
0000010001100000
0000010001111100
0000010010011000
0000010010110100
0000010011010000
0000010011101100
0000010100001000
0000010100100100
0000010101000000
0000010101011100
0000010101111000
0000010110010100
0000010110110000
0000010111001100
0000010111101000
0000011000000100
0000011000100000
0000011000111100
0000011001011000
0000011001110100
0000011010010000
0000011010101100
0000011011001000
0000011011100100
0000000000000000
0000000000011101
0000000000111010
0000000001010111
0000000001110100
0000000010010001
0000000010101110
0000000011001011
0000000011101000
0000000100000101
0000000100100010
0000000100111111
0000000101011100
0000000101111001
0000000110010110
0000000110110011
0000000111010000
0000000111101101
0000001000001010
0000001000100111
0000001001000100
0000001001100001
0000001001111110
0000001010011011
0000001010111000
0000001011010101
0000001011110010
0000001100001111
0000001100101100
0000001101001001
0000001101100110
0000001110000011
0000001110100000
0000001110111101
0000001111011010
0000001111110111
0000010000010100
0000010000110001
0000010001001110
0000010001101011
0000010010001000
0000010010100101
0000010011000010
0000010011011111
0000010011111100
0000010100011001
0000010100110110
0000010101010011
0000010101110000
0000010110001101
0000010110101010
0000010111000111
0000010111100100
0000011000000001
0000011000011110
0000011000111011
0000011001011000
0000011001110101
0000011010010010
0000011010101111
0000011011001100
0000011011101001
0000011100000110
0000011100100011
0000000000000000
0000000000011110
0000000000111100
0000000001011010
0000000001111000
0000000010010110
0000000010110100
0000000011010010
0000000011110000
0000000100001110
0000000100101100
0000000101001010
0000000101101000
0000000110000110
0000000110100100
0000000111000010
0000000111100000
0000000111111110
0000001000011100
0000001000111010
0000001001011000
0000001001110110
0000001010010100
0000001010110010
0000001011010000
0000001011101110
0000001100001100
0000001100101010
0000001101001000
0000001101100110
0000001110000100
0000001110100010
0000001111000000
0000001111011110
0000001111111100
0000010000011010
0000010000111000
0000010001010110
0000010001110100
0000010010010010
0000010010110000
0000010011001110
0000010011101100
0000010100001010
0000010100101000
0000010101000110
0000010101100100
0000010110000010
0000010110100000
0000010110111110
0000010111011100
0000010111111010
0000011000011000
0000011000110110
0000011001010100
0000011001110010
0000011010010000
0000011010101110
0000011011001100
0000011011101010
0000011100001000
0000011100100110
0000011101000100
0000011101100010
0000000000000000
0000000000011111
0000000000111110
0000000001011101
0000000001111100
0000000010011011
0000000010111010
0000000011011001
0000000011111000
0000000100010111
0000000100110110
0000000101010101
0000000101110100
0000000110010011
0000000110110010
0000000111010001
0000000111110000
0000001000001111
0000001000101110
0000001001001101
0000001001101100
0000001010001011
0000001010101010
0000001011001001
0000001011101000
0000001100000111
0000001100100110
0000001101000101
0000001101100100
0000001110000011
0000001110100010
0000001111000001
0000001111100000
0000001111111111
0000010000011110
0000010000111101
0000010001011100
0000010001111011
0000010010011010
0000010010111001
0000010011011000
0000010011110111
0000010100010110
0000010100110101
0000010101010100
0000010101110011
0000010110010010
0000010110110001
0000010111010000
0000010111101111
0000011000001110
0000011000101101
0000011001001100
0000011001101011
0000011010001010
0000011010101001
0000011011001000
0000011011100111
0000011100000110
0000011100100101
0000011101000100
0000011101100011
0000011110000010
0000011110100001
0000000000000000
0000000000100000
0000000001000000
0000000001100000
0000000010000000
0000000010100000
0000000011000000
0000000011100000
0000000100000000
0000000100100000
0000000101000000
0000000101100000
0000000110000000
0000000110100000
0000000111000000
0000000111100000
0000001000000000
0000001000100000
0000001001000000
0000001001100000
0000001010000000
0000001010100000
0000001011000000
0000001011100000
0000001100000000
0000001100100000
0000001101000000
0000001101100000
0000001110000000
0000001110100000
0000001111000000
0000001111100000
0000010000000000
0000010000100000
0000010001000000
0000010001100000
0000010010000000
0000010010100000
0000010011000000
0000010011100000
0000010100000000
0000010100100000
0000010101000000
0000010101100000
0000010110000000
0000010110100000
0000010111000000
0000010111100000
0000011000000000
0000011000100000
0000011001000000
0000011001100000
0000011010000000
0000011010100000
0000011011000000
0000011011100000
0000011100000000
0000011100100000
0000011101000000
0000011101100000
0000011110000000
0000011110100000
0000011111000000
0000011111100000
0000000000000000
0000000000100001
0000000001000010
0000000001100011
0000000010000100
0000000010100101
0000000011000110
0000000011100111
0000000100001000
0000000100101001
0000000101001010
0000000101101011
0000000110001100
0000000110101101
0000000111001110
0000000111101111
0000001000010000
0000001000110001
0000001001010010
0000001001110011
0000001010010100
0000001010110101
0000001011010110
0000001011110111
0000001100011000
0000001100111001
0000001101011010
0000001101111011
0000001110011100
0000001110111101
0000001111011110
0000001111111111
0000010000100000
0000010001000001
0000010001100010
0000010010000011
0000010010100100
0000010011000101
0000010011100110
0000010100000111
0000010100101000
0000010101001001
0000010101101010
0000010110001011
0000010110101100
0000010111001101
0000010111101110
0000011000001111
0000011000110000
0000011001010001
0000011001110010
0000011010010011
0000011010110100
0000011011010101
0000011011110110
0000011100010111
0000011100111000
0000011101011001
0000011101111010
0000011110011011
0000011110111100
0000011111011101
0000011111111110
0000100000011111
0000000000000000
0000000000100010
0000000001000100
0000000001100110
0000000010001000
0000000010101010
0000000011001100
0000000011101110
0000000100010000
0000000100110010
0000000101010100
0000000101110110
0000000110011000
0000000110111010
0000000111011100
0000000111111110
0000001000100000
0000001001000010
0000001001100100
0000001010000110
0000001010101000
0000001011001010
0000001011101100
0000001100001110
0000001100110000
0000001101010010
0000001101110100
0000001110010110
0000001110111000
0000001111011010
0000001111111100
0000010000011110
0000010001000000
0000010001100010
0000010010000100
0000010010100110
0000010011001000
0000010011101010
0000010100001100
0000010100101110
0000010101010000
0000010101110010
0000010110010100
0000010110110110
0000010111011000
0000010111111010
0000011000011100
0000011000111110
0000011001100000
0000011010000010
0000011010100100
0000011011000110
0000011011101000
0000011100001010
0000011100101100
0000011101001110
0000011101110000
0000011110010010
0000011110110100
0000011111010110
0000011111111000
0000100000011010
0000100000111100
0000100001011110
0000000000000000
0000000000100011
0000000001000110
0000000001101001
0000000010001100
0000000010101111
0000000011010010
0000000011110101
0000000100011000
0000000100111011
0000000101011110
0000000110000001
0000000110100100
0000000111000111
0000000111101010
0000001000001101
0000001000110000
0000001001010011
0000001001110110
0000001010011001
0000001010111100
0000001011011111
0000001100000010
0000001100100101
0000001101001000
0000001101101011
0000001110001110
0000001110110001
0000001111010100
0000001111110111
0000010000011010
0000010000111101
0000010001100000
0000010010000011
0000010010100110
0000010011001001
0000010011101100
0000010100001111
0000010100110010
0000010101010101
0000010101111000
0000010110011011
0000010110111110
0000010111100001
0000011000000100
0000011000100111
0000011001001010
0000011001101101
0000011010010000
0000011010110011
0000011011010110
0000011011111001
0000011100011100
0000011100111111
0000011101100010
0000011110000101
0000011110101000
0000011111001011
0000011111101110
0000100000010001
0000100000110100
0000100001010111
0000100001111010
0000100010011101
0000000000000000
0000000000100100
0000000001001000
0000000001101100
0000000010010000
0000000010110100
0000000011011000
0000000011111100
0000000100100000
0000000101000100
0000000101101000
0000000110001100
0000000110110000
0000000111010100
0000000111111000
0000001000011100
0000001001000000
0000001001100100
0000001010001000
0000001010101100
0000001011010000
0000001011110100
0000001100011000
0000001100111100
0000001101100000
0000001110000100
0000001110101000
0000001111001100
0000001111110000
0000010000010100
0000010000111000
0000010001011100
0000010010000000
0000010010100100
0000010011001000
0000010011101100
0000010100010000
0000010100110100
0000010101011000
0000010101111100
0000010110100000
0000010111000100
0000010111101000
0000011000001100
0000011000110000
0000011001010100
0000011001111000
0000011010011100
0000011011000000
0000011011100100
0000011100001000
0000011100101100
0000011101010000
0000011101110100
0000011110011000
0000011110111100
0000011111100000
0000100000000100
0000100000101000
0000100001001100
0000100001110000
0000100010010100
0000100010111000
0000100011011100
0000000000000000
0000000000100101
0000000001001010
0000000001101111
0000000010010100
0000000010111001
0000000011011110
0000000100000011
0000000100101000
0000000101001101
0000000101110010
0000000110010111
0000000110111100
0000000111100001
0000001000000110
0000001000101011
0000001001010000
0000001001110101
0000001010011010
0000001010111111
0000001011100100
0000001100001001
0000001100101110
0000001101010011
0000001101111000
0000001110011101
0000001111000010
0000001111100111
0000010000001100
0000010000110001
0000010001010110
0000010001111011
0000010010100000
0000010011000101
0000010011101010
0000010100001111
0000010100110100
0000010101011001
0000010101111110
0000010110100011
0000010111001000
0000010111101101
0000011000010010
0000011000110111
0000011001011100
0000011010000001
0000011010100110
0000011011001011
0000011011110000
0000011100010101
0000011100111010
0000011101011111
0000011110000100
0000011110101001
0000011111001110
0000011111110011
0000100000011000
0000100000111101
0000100001100010
0000100010000111
0000100010101100
0000100011010001
0000100011110110
0000100100011011
0000000000000000
0000000000100110
0000000001001100
0000000001110010
0000000010011000
0000000010111110
0000000011100100
0000000100001010
0000000100110000
0000000101010110
0000000101111100
0000000110100010
0000000111001000
0000000111101110
0000001000010100
0000001000111010
0000001001100000
0000001010000110
0000001010101100
0000001011010010
0000001011111000
0000001100011110
0000001101000100
0000001101101010
0000001110010000
0000001110110110
0000001111011100
0000010000000010
0000010000101000
0000010001001110
0000010001110100
0000010010011010
0000010011000000
0000010011100110
0000010100001100
0000010100110010
0000010101011000
0000010101111110
0000010110100100
0000010111001010
0000010111110000
0000011000010110
0000011000111100
0000011001100010
0000011010001000
0000011010101110
0000011011010100
0000011011111010
0000011100100000
0000011101000110
0000011101101100
0000011110010010
0000011110111000
0000011111011110
0000100000000100
0000100000101010
0000100001010000
0000100001110110
0000100010011100
0000100011000010
0000100011101000
0000100100001110
0000100100110100
0000100101011010
0000000000000000
0000000000100111
0000000001001110
0000000001110101
0000000010011100
0000000011000011
0000000011101010
0000000100010001
0000000100111000
0000000101011111
0000000110000110
0000000110101101
0000000111010100
0000000111111011
0000001000100010
0000001001001001
0000001001110000
0000001010010111
0000001010111110
0000001011100101
0000001100001100
0000001100110011
0000001101011010
0000001110000001
0000001110101000
0000001111001111
0000001111110110
0000010000011101
0000010001000100
0000010001101011
0000010010010010
0000010010111001
0000010011100000
0000010100000111
0000010100101110
0000010101010101
0000010101111100
0000010110100011
0000010111001010
0000010111110001
0000011000011000
0000011000111111
0000011001100110
0000011010001101
0000011010110100
0000011011011011
0000011100000010
0000011100101001
0000011101010000
0000011101110111
0000011110011110
0000011111000101
0000011111101100
0000100000010011
0000100000111010
0000100001100001
0000100010001000
0000100010101111
0000100011010110
0000100011111101
0000100100100100
0000100101001011
0000100101110010
0000100110011001
0000000000000000
0000000000101000
0000000001010000
0000000001111000
0000000010100000
0000000011001000
0000000011110000
0000000100011000
0000000101000000
0000000101101000
0000000110010000
0000000110111000
0000000111100000
0000001000001000
0000001000110000
0000001001011000
0000001010000000
0000001010101000
0000001011010000
0000001011111000
0000001100100000
0000001101001000
0000001101110000
0000001110011000
0000001111000000
0000001111101000
0000010000010000
0000010000111000
0000010001100000
0000010010001000
0000010010110000
0000010011011000
0000010100000000
0000010100101000
0000010101010000
0000010101111000
0000010110100000
0000010111001000
0000010111110000
0000011000011000
0000011001000000
0000011001101000
0000011010010000
0000011010111000
0000011011100000
0000011100001000
0000011100110000
0000011101011000
0000011110000000
0000011110101000
0000011111010000
0000011111111000
0000100000100000
0000100001001000
0000100001110000
0000100010011000
0000100011000000
0000100011101000
0000100100010000
0000100100111000
0000100101100000
0000100110001000
0000100110110000
0000100111011000
0000000000000000
0000000000101001
0000000001010010
0000000001111011
0000000010100100
0000000011001101
0000000011110110
0000000100011111
0000000101001000
0000000101110001
0000000110011010
0000000111000011
0000000111101100
0000001000010101
0000001000111110
0000001001100111
0000001010010000
0000001010111001
0000001011100010
0000001100001011
0000001100110100
0000001101011101
0000001110000110
0000001110101111
0000001111011000
0000010000000001
0000010000101010
0000010001010011
0000010001111100
0000010010100101
0000010011001110
0000010011110111
0000010100100000
0000010101001001
0000010101110010
0000010110011011
0000010111000100
0000010111101101
0000011000010110
0000011000111111
0000011001101000
0000011010010001
0000011010111010
0000011011100011
0000011100001100
0000011100110101
0000011101011110
0000011110000111
0000011110110000
0000011111011001
0000100000000010
0000100000101011
0000100001010100
0000100001111101
0000100010100110
0000100011001111
0000100011111000
0000100100100001
0000100101001010
0000100101110011
0000100110011100
0000100111000101
0000100111101110
0000101000010111
0000000000000000
0000000000101010
0000000001010100
0000000001111110
0000000010101000
0000000011010010
0000000011111100
0000000100100110
0000000101010000
0000000101111010
0000000110100100
0000000111001110
0000000111111000
0000001000100010
0000001001001100
0000001001110110
0000001010100000
0000001011001010
0000001011110100
0000001100011110
0000001101001000
0000001101110010
0000001110011100
0000001111000110
0000001111110000
0000010000011010
0000010001000100
0000010001101110
0000010010011000
0000010011000010
0000010011101100
0000010100010110
0000010101000000
0000010101101010
0000010110010100
0000010110111110
0000010111101000
0000011000010010
0000011000111100
0000011001100110
0000011010010000
0000011010111010
0000011011100100
0000011100001110
0000011100111000
0000011101100010
0000011110001100
0000011110110110
0000011111100000
0000100000001010
0000100000110100
0000100001011110
0000100010001000
0000100010110010
0000100011011100
0000100100000110
0000100100110000
0000100101011010
0000100110000100
0000100110101110
0000100111011000
0000101000000010
0000101000101100
0000101001010110
0000000000000000
0000000000101011
0000000001010110
0000000010000001
0000000010101100
0000000011010111
0000000100000010
0000000100101101
0000000101011000
0000000110000011
0000000110101110
0000000111011001
0000001000000100
0000001000101111
0000001001011010
0000001010000101
0000001010110000
0000001011011011
0000001100000110
0000001100110001
0000001101011100
0000001110000111
0000001110110010
0000001111011101
0000010000001000
0000010000110011
0000010001011110
0000010010001001
0000010010110100
0000010011011111
0000010100001010
0000010100110101
0000010101100000
0000010110001011
0000010110110110
0000010111100001
0000011000001100
0000011000110111
0000011001100010
0000011010001101
0000011010111000
0000011011100011
0000011100001110
0000011100111001
0000011101100100
0000011110001111
0000011110111010
0000011111100101
0000100000010000
0000100000111011
0000100001100110
0000100010010001
0000100010111100
0000100011100111
0000100100010010
0000100100111101
0000100101101000
0000100110010011
0000100110111110
0000100111101001
0000101000010100
0000101000111111
0000101001101010
0000101010010101
0000000000000000
0000000000101100
0000000001011000
0000000010000100
0000000010110000
0000000011011100
0000000100001000
0000000100110100
0000000101100000
0000000110001100
0000000110111000
0000000111100100
0000001000010000
0000001000111100
0000001001101000
0000001010010100
0000001011000000
0000001011101100
0000001100011000
0000001101000100
0000001101110000
0000001110011100
0000001111001000
0000001111110100
0000010000100000
0000010001001100
0000010001111000
0000010010100100
0000010011010000
0000010011111100
0000010100101000
0000010101010100
0000010110000000
0000010110101100
0000010111011000
0000011000000100
0000011000110000
0000011001011100
0000011010001000
0000011010110100
0000011011100000
0000011100001100
0000011100111000
0000011101100100
0000011110010000
0000011110111100
0000011111101000
0000100000010100
0000100001000000
0000100001101100
0000100010011000
0000100011000100
0000100011110000
0000100100011100
0000100101001000
0000100101110100
0000100110100000
0000100111001100
0000100111111000
0000101000100100
0000101001010000
0000101001111100
0000101010101000
0000101011010100
0000000000000000
0000000000101101
0000000001011010
0000000010000111
0000000010110100
0000000011100001
0000000100001110
0000000100111011
0000000101101000
0000000110010101
0000000111000010
0000000111101111
0000001000011100
0000001001001001
0000001001110110
0000001010100011
0000001011010000
0000001011111101
0000001100101010
0000001101010111
0000001110000100
0000001110110001
0000001111011110
0000010000001011
0000010000111000
0000010001100101
0000010010010010
0000010010111111
0000010011101100
0000010100011001
0000010101000110
0000010101110011
0000010110100000
0000010111001101
0000010111111010
0000011000100111
0000011001010100
0000011010000001
0000011010101110
0000011011011011
0000011100001000
0000011100110101
0000011101100010
0000011110001111
0000011110111100
0000011111101001
0000100000010110
0000100001000011
0000100001110000
0000100010011101
0000100011001010
0000100011110111
0000100100100100
0000100101010001
0000100101111110
0000100110101011
0000100111011000
0000101000000101
0000101000110010
0000101001011111
0000101010001100
0000101010111001
0000101011100110
0000101100010011
0000000000000000
0000000000101110
0000000001011100
0000000010001010
0000000010111000
0000000011100110
0000000100010100
0000000101000010
0000000101110000
0000000110011110
0000000111001100
0000000111111010
0000001000101000
0000001001010110
0000001010000100
0000001010110010
0000001011100000
0000001100001110
0000001100111100
0000001101101010
0000001110011000
0000001111000110
0000001111110100
0000010000100010
0000010001010000
0000010001111110
0000010010101100
0000010011011010
0000010100001000
0000010100110110
0000010101100100
0000010110010010
0000010111000000
0000010111101110
0000011000011100
0000011001001010
0000011001111000
0000011010100110
0000011011010100
0000011100000010
0000011100110000
0000011101011110
0000011110001100
0000011110111010
0000011111101000
0000100000010110
0000100001000100
0000100001110010
0000100010100000
0000100011001110
0000100011111100
0000100100101010
0000100101011000
0000100110000110
0000100110110100
0000100111100010
0000101000010000
0000101000111110
0000101001101100
0000101010011010
0000101011001000
0000101011110110
0000101100100100
0000101101010010
0000000000000000
0000000000101111
0000000001011110
0000000010001101
0000000010111100
0000000011101011
0000000100011010
0000000101001001
0000000101111000
0000000110100111
0000000111010110
0000001000000101
0000001000110100
0000001001100011
0000001010010010
0000001011000001
0000001011110000
0000001100011111
0000001101001110
0000001101111101
0000001110101100
0000001111011011
0000010000001010
0000010000111001
0000010001101000
0000010010010111
0000010011000110
0000010011110101
0000010100100100
0000010101010011
0000010110000010
0000010110110001
0000010111100000
0000011000001111
0000011000111110
0000011001101101
0000011010011100
0000011011001011
0000011011111010
0000011100101001
0000011101011000
0000011110000111
0000011110110110
0000011111100101
0000100000010100
0000100001000011
0000100001110010
0000100010100001
0000100011010000
0000100011111111
0000100100101110
0000100101011101
0000100110001100
0000100110111011
0000100111101010
0000101000011001
0000101001001000
0000101001110111
0000101010100110
0000101011010101
0000101100000100
0000101100110011
0000101101100010
0000101110010001
0000000000000000
0000000000110000
0000000001100000
0000000010010000
0000000011000000
0000000011110000
0000000100100000
0000000101010000
0000000110000000
0000000110110000
0000000111100000
0000001000010000
0000001001000000
0000001001110000
0000001010100000
0000001011010000
0000001100000000
0000001100110000
0000001101100000
0000001110010000
0000001111000000
0000001111110000
0000010000100000
0000010001010000
0000010010000000
0000010010110000
0000010011100000
0000010100010000
0000010101000000
0000010101110000
0000010110100000
0000010111010000
0000011000000000
0000011000110000
0000011001100000
0000011010010000
0000011011000000
0000011011110000
0000011100100000
0000011101010000
0000011110000000
0000011110110000
0000011111100000
0000100000010000
0000100001000000
0000100001110000
0000100010100000
0000100011010000
0000100100000000
0000100100110000
0000100101100000
0000100110010000
0000100111000000
0000100111110000
0000101000100000
0000101001010000
0000101010000000
0000101010110000
0000101011100000
0000101100010000
0000101101000000
0000101101110000
0000101110100000
0000101111010000
0000000000000000
0000000000110001
0000000001100010
0000000010010011
0000000011000100
0000000011110101
0000000100100110
0000000101010111
0000000110001000
0000000110111001
0000000111101010
0000001000011011
0000001001001100
0000001001111101
0000001010101110
0000001011011111
0000001100010000
0000001101000001
0000001101110010
0000001110100011
0000001111010100
0000010000000101
0000010000110110
0000010001100111
0000010010011000
0000010011001001
0000010011111010
0000010100101011
0000010101011100
0000010110001101
0000010110111110
0000010111101111
0000011000100000
0000011001010001
0000011010000010
0000011010110011
0000011011100100
0000011100010101
0000011101000110
0000011101110111
0000011110101000
0000011111011001
0000100000001010
0000100000111011
0000100001101100
0000100010011101
0000100011001110
0000100011111111
0000100100110000
0000100101100001
0000100110010010
0000100111000011
0000100111110100
0000101000100101
0000101001010110
0000101010000111
0000101010111000
0000101011101001
0000101100011010
0000101101001011
0000101101111100
0000101110101101
0000101111011110
0000110000001111
0000000000000000
0000000000110010
0000000001100100
0000000010010110
0000000011001000
0000000011111010
0000000100101100
0000000101011110
0000000110010000
0000000111000010
0000000111110100
0000001000100110
0000001001011000
0000001010001010
0000001010111100
0000001011101110
0000001100100000
0000001101010010
0000001110000100
0000001110110110
0000001111101000
0000010000011010
0000010001001100
0000010001111110
0000010010110000
0000010011100010
0000010100010100
0000010101000110
0000010101111000
0000010110101010
0000010111011100
0000011000001110
0000011001000000
0000011001110010
0000011010100100
0000011011010110
0000011100001000
0000011100111010
0000011101101100
0000011110011110
0000011111010000
0000100000000010
0000100000110100
0000100001100110
0000100010011000
0000100011001010
0000100011111100
0000100100101110
0000100101100000
0000100110010010
0000100111000100
0000100111110110
0000101000101000
0000101001011010
0000101010001100
0000101010111110
0000101011110000
0000101100100010
0000101101010100
0000101110000110
0000101110111000
0000101111101010
0000110000011100
0000110001001110
0000000000000000
0000000000110011
0000000001100110
0000000010011001
0000000011001100
0000000011111111
0000000100110010
0000000101100101
0000000110011000
0000000111001011
0000000111111110
0000001000110001
0000001001100100
0000001010010111
0000001011001010
0000001011111101
0000001100110000
0000001101100011
0000001110010110
0000001111001001
0000001111111100
0000010000101111
0000010001100010
0000010010010101
0000010011001000
0000010011111011
0000010100101110
0000010101100001
0000010110010100
0000010111000111
0000010111111010
0000011000101101
0000011001100000
0000011010010011
0000011011000110
0000011011111001
0000011100101100
0000011101011111
0000011110010010
0000011111000101
0000011111111000
0000100000101011
0000100001011110
0000100010010001
0000100011000100
0000100011110111
0000100100101010
0000100101011101
0000100110010000
0000100111000011
0000100111110110
0000101000101001
0000101001011100
0000101010001111
0000101011000010
0000101011110101
0000101100101000
0000101101011011
0000101110001110
0000101111000001
0000101111110100
0000110000100111
0000110001011010
0000110010001101
0000000000000000
0000000000110100
0000000001101000
0000000010011100
0000000011010000
0000000100000100
0000000100111000
0000000101101100
0000000110100000
0000000111010100
0000001000001000
0000001000111100
0000001001110000
0000001010100100
0000001011011000
0000001100001100
0000001101000000
0000001101110100
0000001110101000
0000001111011100
0000010000010000
0000010001000100
0000010001111000
0000010010101100
0000010011100000
0000010100010100
0000010101001000
0000010101111100
0000010110110000
0000010111100100
0000011000011000
0000011001001100
0000011010000000
0000011010110100
0000011011101000
0000011100011100
0000011101010000
0000011110000100
0000011110111000
0000011111101100
0000100000100000
0000100001010100
0000100010001000
0000100010111100
0000100011110000
0000100100100100
0000100101011000
0000100110001100
0000100111000000
0000100111110100
0000101000101000
0000101001011100
0000101010010000
0000101011000100
0000101011111000
0000101100101100
0000101101100000
0000101110010100
0000101111001000
0000101111111100
0000110000110000
0000110001100100
0000110010011000
0000110011001100
0000000000000000
0000000000110101
0000000001101010
0000000010011111
0000000011010100
0000000100001001
0000000100111110
0000000101110011
0000000110101000
0000000111011101
0000001000010010
0000001001000111
0000001001111100
0000001010110001
0000001011100110
0000001100011011
0000001101010000
0000001110000101
0000001110111010
0000001111101111
0000010000100100
0000010001011001
0000010010001110
0000010011000011
0000010011111000
0000010100101101
0000010101100010
0000010110010111
0000010111001100
0000011000000001
0000011000110110
0000011001101011
0000011010100000
0000011011010101
0000011100001010
0000011100111111
0000011101110100
0000011110101001
0000011111011110
0000100000010011
0000100001001000
0000100001111101
0000100010110010
0000100011100111
0000100100011100
0000100101010001
0000100110000110
0000100110111011
0000100111110000
0000101000100101
0000101001011010
0000101010001111
0000101011000100
0000101011111001
0000101100101110
0000101101100011
0000101110011000
0000101111001101
0000110000000010
0000110000110111
0000110001101100
0000110010100001
0000110011010110
0000110100001011
0000000000000000
0000000000110110
0000000001101100
0000000010100010
0000000011011000
0000000100001110
0000000101000100
0000000101111010
0000000110110000
0000000111100110
0000001000011100
0000001001010010
0000001010001000
0000001010111110
0000001011110100
0000001100101010
0000001101100000
0000001110010110
0000001111001100
0000010000000010
0000010000111000
0000010001101110
0000010010100100
0000010011011010
0000010100010000
0000010101000110
0000010101111100
0000010110110010
0000010111101000
0000011000011110
0000011001010100
0000011010001010
0000011011000000
0000011011110110
0000011100101100
0000011101100010
0000011110011000
0000011111001110
0000100000000100
0000100000111010
0000100001110000
0000100010100110
0000100011011100
0000100100010010
0000100101001000
0000100101111110
0000100110110100
0000100111101010
0000101000100000
0000101001010110
0000101010001100
0000101011000010
0000101011111000
0000101100101110
0000101101100100
0000101110011010
0000101111010000
0000110000000110
0000110000111100
0000110001110010
0000110010101000
0000110011011110
0000110100010100
0000110101001010
0000000000000000
0000000000110111
0000000001101110
0000000010100101
0000000011011100
0000000100010011
0000000101001010
0000000110000001
0000000110111000
0000000111101111
0000001000100110
0000001001011101
0000001010010100
0000001011001011
0000001100000010
0000001100111001
0000001101110000
0000001110100111
0000001111011110
0000010000010101
0000010001001100
0000010010000011
0000010010111010
0000010011110001
0000010100101000
0000010101011111
0000010110010110
0000010111001101
0000011000000100
0000011000111011
0000011001110010
0000011010101001
0000011011100000
0000011100010111
0000011101001110
0000011110000101
0000011110111100
0000011111110011
0000100000101010
0000100001100001
0000100010011000
0000100011001111
0000100100000110
0000100100111101
0000100101110100
0000100110101011
0000100111100010
0000101000011001
0000101001010000
0000101010000111
0000101010111110
0000101011110101
0000101100101100
0000101101100011
0000101110011010
0000101111010001
0000110000001000
0000110000111111
0000110001110110
0000110010101101
0000110011100100
0000110100011011
0000110101010010
0000110110001001
0000000000000000
0000000000111000
0000000001110000
0000000010101000
0000000011100000
0000000100011000
0000000101010000
0000000110001000
0000000111000000
0000000111111000
0000001000110000
0000001001101000
0000001010100000
0000001011011000
0000001100010000
0000001101001000
0000001110000000
0000001110111000
0000001111110000
0000010000101000
0000010001100000
0000010010011000
0000010011010000
0000010100001000
0000010101000000
0000010101111000
0000010110110000
0000010111101000
0000011000100000
0000011001011000
0000011010010000
0000011011001000
0000011100000000
0000011100111000
0000011101110000
0000011110101000
0000011111100000
0000100000011000
0000100001010000
0000100010001000
0000100011000000
0000100011111000
0000100100110000
0000100101101000
0000100110100000
0000100111011000
0000101000010000
0000101001001000
0000101010000000
0000101010111000
0000101011110000
0000101100101000
0000101101100000
0000101110011000
0000101111010000
0000110000001000
0000110001000000
0000110001111000
0000110010110000
0000110011101000
0000110100100000
0000110101011000
0000110110010000
0000110111001000
0000000000000000
0000000000111001
0000000001110010
0000000010101011
0000000011100100
0000000100011101
0000000101010110
0000000110001111
0000000111001000
0000001000000001
0000001000111010
0000001001110011
0000001010101100
0000001011100101
0000001100011110
0000001101010111
0000001110010000
0000001111001001
0000010000000010
0000010000111011
0000010001110100
0000010010101101
0000010011100110
0000010100011111
0000010101011000
0000010110010001
0000010111001010
0000011000000011
0000011000111100
0000011001110101
0000011010101110
0000011011100111
0000011100100000
0000011101011001
0000011110010010
0000011111001011
0000100000000100
0000100000111101
0000100001110110
0000100010101111
0000100011101000
0000100100100001
0000100101011010
0000100110010011
0000100111001100
0000101000000101
0000101000111110
0000101001110111
0000101010110000
0000101011101001
0000101100100010
0000101101011011
0000101110010100
0000101111001101
0000110000000110
0000110000111111
0000110001111000
0000110010110001
0000110011101010
0000110100100011
0000110101011100
0000110110010101
0000110111001110
0000111000000111
0000000000000000
0000000000111010
0000000001110100
0000000010101110
0000000011101000
0000000100100010
0000000101011100
0000000110010110
0000000111010000
0000001000001010
0000001001000100
0000001001111110
0000001010111000
0000001011110010
0000001100101100
0000001101100110
0000001110100000
0000001111011010
0000010000010100
0000010001001110
0000010010001000
0000010011000010
0000010011111100
0000010100110110
0000010101110000
0000010110101010
0000010111100100
0000011000011110
0000011001011000
0000011010010010
0000011011001100
0000011100000110
0000011101000000
0000011101111010
0000011110110100
0000011111101110
0000100000101000
0000100001100010
0000100010011100
0000100011010110
0000100100010000
0000100101001010
0000100110000100
0000100110111110
0000100111111000
0000101000110010
0000101001101100
0000101010100110
0000101011100000
0000101100011010
0000101101010100
0000101110001110
0000101111001000
0000110000000010
0000110000111100
0000110001110110
0000110010110000
0000110011101010
0000110100100100
0000110101011110
0000110110011000
0000110111010010
0000111000001100
0000111001000110
0000000000000000
0000000000111011
0000000001110110
0000000010110001
0000000011101100
0000000100100111
0000000101100010
0000000110011101
0000000111011000
0000001000010011
0000001001001110
0000001010001001
0000001011000100
0000001011111111
0000001100111010
0000001101110101
0000001110110000
0000001111101011
0000010000100110
0000010001100001
0000010010011100
0000010011010111
0000010100010010
0000010101001101
0000010110001000
0000010111000011
0000010111111110
0000011000111001
0000011001110100
0000011010101111
0000011011101010
0000011100100101
0000011101100000
0000011110011011
0000011111010110
0000100000010001
0000100001001100
0000100010000111
0000100011000010
0000100011111101
0000100100111000
0000100101110011
0000100110101110
0000100111101001
0000101000100100
0000101001011111
0000101010011010
0000101011010101
0000101100010000
0000101101001011
0000101110000110
0000101111000001
0000101111111100
0000110000110111
0000110001110010
0000110010101101
0000110011101000
0000110100100011
0000110101011110
0000110110011001
0000110111010100
0000111000001111
0000111001001010
0000111010000101
0000000000000000
0000000000111100
0000000001111000
0000000010110100
0000000011110000
0000000100101100
0000000101101000
0000000110100100
0000000111100000
0000001000011100
0000001001011000
0000001010010100
0000001011010000
0000001100001100
0000001101001000
0000001110000100
0000001111000000
0000001111111100
0000010000111000
0000010001110100
0000010010110000
0000010011101100
0000010100101000
0000010101100100
0000010110100000
0000010111011100
0000011000011000
0000011001010100
0000011010010000
0000011011001100
0000011100001000
0000011101000100
0000011110000000
0000011110111100
0000011111111000
0000100000110100
0000100001110000
0000100010101100
0000100011101000
0000100100100100
0000100101100000
0000100110011100
0000100111011000
0000101000010100
0000101001010000
0000101010001100
0000101011001000
0000101100000100
0000101101000000
0000101101111100
0000101110111000
0000101111110100
0000110000110000
0000110001101100
0000110010101000
0000110011100100
0000110100100000
0000110101011100
0000110110011000
0000110111010100
0000111000010000
0000111001001100
0000111010001000
0000111011000100
0000000000000000
0000000000111101
0000000001111010
0000000010110111
0000000011110100
0000000100110001
0000000101101110
0000000110101011
0000000111101000
0000001000100101
0000001001100010
0000001010011111
0000001011011100
0000001100011001
0000001101010110
0000001110010011
0000001111010000
0000010000001101
0000010001001010
0000010010000111
0000010011000100
0000010100000001
0000010100111110
0000010101111011
0000010110111000
0000010111110101
0000011000110010
0000011001101111
0000011010101100
0000011011101001
0000011100100110
0000011101100011
0000011110100000
0000011111011101
0000100000011010
0000100001010111
0000100010010100
0000100011010001
0000100100001110
0000100101001011
0000100110001000
0000100111000101
0000101000000010
0000101000111111
0000101001111100
0000101010111001
0000101011110110
0000101100110011
0000101101110000
0000101110101101
0000101111101010
0000110000100111
0000110001100100
0000110010100001
0000110011011110
0000110100011011
0000110101011000
0000110110010101
0000110111010010
0000111000001111
0000111001001100
0000111010001001
0000111011000110
0000111100000011
0000000000000000
0000000000111110
0000000001111100
0000000010111010
0000000011111000
0000000100110110
0000000101110100
0000000110110010
0000000111110000
0000001000101110
0000001001101100
0000001010101010
0000001011101000
0000001100100110
0000001101100100
0000001110100010
0000001111100000
0000010000011110
0000010001011100
0000010010011010
0000010011011000
0000010100010110
0000010101010100
0000010110010010
0000010111010000
0000011000001110
0000011001001100
0000011010001010
0000011011001000
0000011100000110
0000011101000100
0000011110000010
0000011111000000
0000011111111110
0000100000111100
0000100001111010
0000100010111000
0000100011110110
0000100100110100
0000100101110010
0000100110110000
0000100111101110
0000101000101100
0000101001101010
0000101010101000
0000101011100110
0000101100100100
0000101101100010
0000101110100000
0000101111011110
0000110000011100
0000110001011010
0000110010011000
0000110011010110
0000110100010100
0000110101010010
0000110110010000
0000110111001110
0000111000001100
0000111001001010
0000111010001000
0000111011000110
0000111100000100
0000111101000010
0000000000000000
0000000000111111
0000000001111110
0000000010111101
0000000011111100
0000000100111011
0000000101111010
0000000110111001
0000000111111000
0000001000110111
0000001001110110
0000001010110101
0000001011110100
0000001100110011
0000001101110010
0000001110110001
0000001111110000
0000010000101111
0000010001101110
0000010010101101
0000010011101100
0000010100101011
0000010101101010
0000010110101001
0000010111101000
0000011000100111
0000011001100110
0000011010100101
0000011011100100
0000011100100011
0000011101100010
0000011110100001
0000011111100000
0000100000011111
0000100001011110
0000100010011101
0000100011011100
0000100100011011
0000100101011010
0000100110011001
0000100111011000
0000101000010111
0000101001010110
0000101010010101
0000101011010100
0000101100010011
0000101101010010
0000101110010001
0000101111010000
0000110000001111
0000110001001110
0000110010001101
0000110011001100
0000110100001011
0000110101001010
0000110110001001
0000110111001000
0000111000000111
0000111001000110
0000111010000101
0000111011000100
0000111100000011
0000111101000010
0000111110000001
